0 9 30
0 3 31
0 5 32
0 12 33
0 21 34
0 30 35
0 16 36
0 25 37
0 27 38
0 13 39
0 28 40
0 22 41
0 10 42
0 20 43
0 6 44
0 26 45
0 2 46
0 23 47
0 8 48
0 7 49
0 19 50
0 24 52
0 15 53
0 17 55
0 29 56
0 4 57
0 11 61
1 64 64
0 18 65
1 73 73
1 78 78
1 82 82
1 85 85
1 87 87
1 90 90
1 92 92
1 96 96
1 99 99
0 14 100
1 102 102
1 107 107
1 109 109
1 113 113
1 118 118
1 120 120
1 123 123
1 125 125
1 129 129
1 131 131
1 133 133
1 136 136
1 127 137
1 140 140
1 143 143
1 145 145
1 71 146
1 149 149
1 151 151
1 154 154
1 156 156
1 158 158
1 116 159
1 112 161
2 161 162
1 164 164
1 94 165
1 168 168
1 106 169
1 171 171
1 176 176
1 117 177
1 179 179
1 175 181
2 181 182
1 184 184
1 186 186
1 142 187
1 174 188
1 190 190
1 95 191
1 193 193
1 70 194
2 196 196
1 198 198
2 200 200
1 202 202
1 204 204
1 81 205
1 207 207
1 209 209
1 68 210
2 212 212
1 214 214
1 111 216
2 216 217
1 219 219
1 89 220
1 222 222
1 63 223
2 225 225
1 227 227
1 59 228
1 77 230
2 230 231
1 233 233
1 235 235
1 237 237
2 239 242
2 240 243
2 241 244
2 242 245
1 247 247
2 250 253
2 251 254
2 249 255
2 253 256
2 252 257
1 259 259
2 261 262
2 262 263
3 265 265
1 267 267
1 269 269
1 271 271
1 60 272
2 274 275
2 275 276
1 278 278
1 80 279
1 52 281
2 281 282
1 284 284
1 173 285
1 287 287
1 351 351
1 148 352
1 354 354
1 356 356
1 167 357
1 72 358
1 360 360
1 153 361
1 363 363
1 380 380
1 420 420
1 104 421
1 424 424
1 426 426
1 55 427
2 429 429
1 431 431
1 433 433
1 435 435
2 437 437
1 439 439
1 139 440
1 443 443
1 76 444
2 447 447
2 446 448
1 450 450
1 452 452
2 454 455
2 455 456
1 458 458
1 98 459
1 423 460
1 462 462
2 464 465
2 465 466
1 468 468
1 470 470
1 472 472
1 128 473
1 475 475
2 477 477
1 479 479
1 482 482
2 484 484
1 486 486
2 490 490
2 489 491
2 488 492
1 494 494
1 67 495
1 497 497
1 69 498
1 501 501
2 504 506
2 505 507
2 503 508
2 506 509
1 511 511
1 105 513
2 513 514
1 516 516
2 518 518
1 520 520
1 522 522
1 481 523
2 526 526
1 528 528
2 530 532
2 532 533
1 535 535
1 538 538
1 540 540
1 633 633
2 635 635
1 637 637
2 639 639
1 641 641
2 643 644
2 644 645
1 647 647
1 649 649
1 651 651
1 654 654
1 656 656
1 658 658
1 661 661
1 663 663
1 84 664
1 666 666
1 668 668
1 670 670
2 672 676
2 673 677
2 674 678
2 676 679
1 681 681
1 683 683
1 686 686
1 689 689
2 691 691
1 693 693
2 695 695
1 697 697
2 702 702
2 701 703
1 705 705
2 707 708
1 710 710
2 713 713
1 740 740
2 743 743
1 745 745
2 747 747
1 749 749
1 653 751
2 751 752
1 754 754
1 756 756
1 759 759
2 762 764
2 763 765
2 764 766
1 768 768
1 770 770
2 773 773
1 775 775
2 779 780
2 778 781
1 783 783
1 786 786
1 789 789
1 122 793
2 792 794
2 793 795
1 797 797
1 801 801
1 804 804
1 61 806
1 808 808
2 811 813
2 812 814
1 816 816
1 821 821
2 825 827
2 826 828
2 823 829
2 824 830
2 827 831
1 833 833
2 835 836
2 836 837
1 839 839
2 841 842
2 842 843
1 845 845
1 847 847
2 849 849
1 852 852
2 855 859
2 859 860
2 857 861
2 854 862
2 856 863
2 858 864
1 866 866
2 871 872
2 872 873
2 869 874
1 876 876
2 878 878
1 880 880
2 883 885
2 885 886
2 884 887
1 914 914
2 917 917
2 916 918
1 920 920
2 922 922
1 924 924
1 927 927
1 851 928
1 930 930
2 932 932
1 934 934
2 936 937
2 937 938
1 940 940
1 942 942
1 945 945
2 947 950
2 950 951
2 948 952
1 954 954
2 956 959
2 958 960
2 959 961
2 957 962
3 964 964
1 966 966
2 970 973
2 971 974
2 972 975
2 968 976
2 973 977
1 979 979
1 982 982
1 986 986
1 989 989
2 995 995
2 992 996
2 993 997
2 994 998
2 806 999
1 1001 1001
1 1003 1003
2 1006 1009
2 1008 1010
2 1009 1011
1 1013 1013
2 1016 1018
2 1017 1019
2 1015 1020
1 1022 1022
1 1025 1025
2 1028 1028
2 1027 1029
1 1031 1031
2 1034 1035
1 1037 1037
2 1042 1044
2 1043 1045
2 1040 1046
2 1041 1047
2 1039 1048
1 1050 1050
2 1054 1054
1 1056 1056
2 1058 1060
2 1060 1061
2 1059 1062
3 1064 1064
1 1066 1066
2 1069 1072
2 1071 1073
2 1070 1074
2 1068 1075
2 1072 1076
1 1078 1078
1 1083 1083
2 1085 1091
2 1089 1092
2 1090 1093
2 1091 1094
2 1086 1095
2 1087 1096
2 1088 1097
2 1082 1100
3 1099 1101
3 1100 1102
1 1104 1104
2 1106 1109
2 1107 1110
2 1108 1112
2 1109 1113
3 1112 1114
1 1116 1116
2 1118 1121
2 1119 1122
2 1120 1123
1 1125 1125
2 1128 1128
1 1130 1130
2 1134 1137
2 1136 1138
2 1137 1139
2 1133 1140
2 1132 1141
2 1135 1142
2 949 1143
3 1145 1146
3 1146 1147
1 1149 1149
2 1151 1158
2 1156 1159
2 1157 1160
2 1153 1161
2 1154 1162
2 1155 1163
2 1158 1164
2 1152 1166
2 1081 1167
3 1166 1170
3 1169 1171
3 1170 1172
1 1174 1174
2 1176 1176
1 1178 1178
1 1182 1182
2 1186 1189
2 1188 1190
2 1187 1191
2 1185 1192
1 1194 1194
2 1197 1197
2 1196 1198
1 1200 1200
2 1203 1204
1 1206 1206
2 1208 1210
2 1209 1211
2 1210 1212
1 1305 1305
2 1307 1313
2 1311 1314
2 1313 1315
2 1309 1316
2 1308 1317
2 1312 1318
2 1044 1319
2 1310 1320
3 1324 1325
3 1325 1326
3 1323 1327
1 1329 1329
2 1331 1334
2 1334 1335
2 1333 1336
2 1332 1338
2 1127 1339
3 1338 1340
1 1342 1342
2 1344 1350
2 1345 1351
2 1347 1352
2 1346 1354
2 1349 1356
2 1348 1357
2 1180 1358
2 1350 1359
2 1189 1360
3 1354 1361
3 1356 1362
1 1364 1364
1 1366 1366
2 1370 1374
2 1372 1375
2 1368 1376
2 1369 1377
2 1373 1379
2 1374 1380
2 1371 1381
3 1385 1385
3 1384 1386
1 1388 1388
2 1392 1392
2 1391 1393
2 1390 1394
3 1396 1396
1 1398 1398
2 1400 1403
2 1401 1404
2 1402 1405
2 1403 1406
1 1408 1408
2 1411 1416
2 1414 1417
2 1410 1418
2 1412 1419
2 1413 1421
2 1415 1423
2 1416 1424
2 777 1425
3 1423 1429
3 1421 1430
3 1427 1431
3 1428 1432
3 1429 1433
1 1435 1435
2 1437 1439
2 1438 1440
1 1442 1442
2 1444 1447
2 1445 1448
2 1446 1449
2 1447 1450
2 1184 1451
3 1453 1453
1 1455 1455
2 1459 1459
2 1458 1460
1 1462 1462
2 1466 1469
2 1469 1470
2 1465 1471
2 1468 1472
2 1121 1473
1 1475 1475
2 1477 1479
2 1479 1480
1 1579 1579
1 1583 1583
2 1585 1594
2 1586 1595
2 1591 1596
2 1593 1597
2 1589 1598
2 1588 1600
2 1590 1601
2 1592 1602
2 1594 1603
2 1587 1604
2 1024 1605
2 1007 1607
2 820 1609
2 1478 1612
3 1600 1618
3 1609 1619
3 1615 1620
3 1607 1621
3 1612 1622
3 1617 1623
3 1618 1624
3 1616 1625
3 1614 1626
3 1611 1627
1 1629 1629
2 1631 1633
2 1632 1634
1 1636 1636
2 1640 1641
2 1641 1642
2 1639 1643
2 1638 1644
2 1439 1645
3 1647 1647
1 1649 1649
2 1651 1654
2 1652 1655
2 1653 1656
2 1654 1657
3 1659 1659
1 1661 1661
2 1664 1665
2 1665 1666
3 1668 1668
1 1670 1670
1 1969 1969
2 1972 1974
2 1973 1975
2 1971 1976
2 1974 1977
1 1979 1979
2 1981 1984
2 1983 1985
2 1984 1986
3 1988 1988
1 1990 1990
1 1994 1994
1 1997 1997
2 2000 2002
2 2001 2003
2 1999 2004
1 2006 2006
1 2098 2098
2 2101 2103
2 2103 2104
2 2100 2105
2 2102 2106
2 1018 2107
3 2109 2110
3 2110 2111
1 2113 2113
2 2115 2116
2 2116 2117
1 2119 2119
2 2121 2122
1 2124 2124
2 2126 2130
2 2128 2131
2 2130 2132
2 2129 2133
2 2127 2134
1 2136 2136
2 2139 2143
2 2142 2144
2 2140 2145
2 2138 2146
2 969 2147
1 2149 2149
1 2152 2152
2 2156 2159
2 2157 2160
2 2159 2161
2 2158 2162
2 2155 2163
3 2165 2166
3 2166 2167
1 2169 2169
2 2173 2173
2 2172 2174
1 2176 2176
2 2178 2181
2 2179 2182
1 2184 2184
2 2186 2186
1 2188 2188
2 2191 2194
2 2193 2195
2 2194 2197
3 2197 2198
1 2200 2200
2 2203 2203
1 2205 2205
2 2209 2211
2 2208 2212
2 2207 2213
2 2210 2214
1 2216 2216
2 2218 2219
2 2219 2220
1 2222 2222
1 2224 2224
2 2228 2232
2 2230 2233
2 2231 2234
2 2227 2235
2 2226 2236
2 2232 2237
2 2229 2242
3 2244 2244
3 2241 2245
3 2242 2246
3 2239 2247
1 2534 2534
1 2538 2538
1 2540 2540
1 2542 2542
1 2544 2544
1 2547 2547
2 2550 2552
2 2552 2553
1 2555 2555
1 2557 2557
2 2560 2561
1 2569 2569
2 2571 2571
1 2573 2573
2 2575 2576
2 2576 2577
1 2579 2579
2 2582 2582
1 2584 2584
2 2588 2588
1 2641 2641
1 2644 2644
1 2646 2646
1 2648 2648
2 2650 2651
1 2653 2653
1 2657 2657
1 2660 2660
1 2756 2756
1 2758 2758
2 2761 2761
0 1 2766
1 2563 2766
1 2656 2766
1 2765 2765
1 2754 2754
1 2752 2752
1 2751 2766
2 2749 2749
1 2747 2747
2 2744 2745
2 2743 2744
1 2741 2741
1 2740 2766
1 2739 2763
1 2737 2737
2 2735 2735
1 2733 2733
2 2143 2731
1 2730 2730
1 2728 2728
1 2726 2726
1 2725 2762
1 2724 2766
1 2722 2722
1 2721 2766
2 2719 2719
1 2717 2717
1 2715 2715
2 2655 2713
2 2712 2712
1 2710 2710
1 2709 2766
1 2707 2707
1 2706 2766
1 2704 2704
1 2703 2766
1 2701 2701
1 2700 2766
1 2698 2698
1 2697 2766
1 2695 2695
1 2694 2766
1 2693 2766
1 2691 2691
1 2688 2766
2 2687 2689
2 2686 2688
1 2684 2684
1 2683 2766
2 2681 2681
1 2679 2679
2 2677 2677
1 2675 2675
2 2672 2673
2 2671 2672
1 2669 2669
1 2668 2759
1 2666 2666
1 2664 2766
2 2663 2664
1 2639 2639
2 2586 2637
1 2637 2650
2 2635 2635
1 2633 2633
1 2632 2766
1 2630 2630
1 2628 2628
1 2627 2766
2 2561 2625
1 2624 2624
2 2537 2621
2 2621 2622
1 2619 2619
1 2618 2766
2 2616 2616
1 2614 2614
1 2612 2612
1 2610 2610
2 2608 2608
1 2606 2606
1 2605 2661
2 2602 2603
2 2601 2602
1 2599 2599
1 2597 2597
1 2595 2595
2 2192 2593
2 2592 2592
1 2590 2590
1 2567 2567
1 2566 2580
2 2564 2564
1 2532 2532
2 2528 2529
2 2527 2528
1 2525 2525
1 2524 2766
1 2522 2522
1 2521 2558
1 2519 2519
2 2514 2515
2 2513 2517
2 2512 2516
2 2511 2514
1 2509 2509
1 2508 2550
1 2506 2658
2 2505 2506
1 2503 2503
2 2151 2501
1 2501 2586
1 2499 2545
2 2498 2499
1 2496 2496
2 2154 2494
2 2202 2493
1 2492 2492
1 2491 2766
1 2489 2489
2 2484 2486
2 2483 2487
2 2482 2485
2 2481 2484
3 2478 2478
3 2477 2479
1 2475 2475
2 2471 2473
2 2470 2472
1 2467 2467
1 2465 2535
2 2464 2465
1 2462 2462
2 2459 2460
1 2457 2457
1 2454 2766
2 2452 2454
2 2451 2452
2 2450 2455
1 2448 2448
2 2190 2446
2 2445 2445
1 2443 2443
2 2438 2440
2 2437 2441
2 2436 2439
2 2435 2438
2 2434 2471
1 2432 2432
1 2431 2642
1 2429 2429
2 2426 2426
2 2425 2427
1 2423 2423
1 2421 2421
1 2418 2766
2 2180 2416
1 2415 2415
2 1993 2413
2 1633 2412
1 2412 2766
2 2171 2410
1 2410 2548
2 2408 2408
1 2406 2406
2 2398 2402
2 2397 2404
2 2396 2403
2 2395 2400
2 2394 2399
2 2392 2398
2 2391 2530
2 2390 2401
3 2388 2392
3 2387 2388
1 2385 2385
2 2002 2383
1 2382 2382
2 2375 2380
2 2374 2379
2 2373 2378
2 2372 2377
2 2371 2376
2 2370 2419
2 2369 2418
2 2368 2375
1 2366 2366
2 2364 2364
1 2362 2362
2 2358 2360
2 2357 2359
2 2356 2358
1 2354 2354
1 2353 2468
2 2350 2351
2 2349 2350
3 2347 2347
1 2345 2345
2 2339 2343
2 2338 2342
2 2336 2341
2 2334 2340
2 2331 2339
3 2330 2336
3 2329 2334
3 2328 2332
3 2327 2331
1 2325 2325
2 2181 2323
2 2141 2322
2 2320 2321
2 2319 2320
1 2317 2317
2 2313 2314
2 2312 2313
1 2310 2310
2 803 2308
2 2211 2306
1 2305 2305
2 2122 2303
2 2301 2301
2 2300 2302
1 2298 2298
2 2296 2296
1 2294 2294
2 2289 2292
2 2288 2290
2 2287 2289
2 2286 2291
1 2284 2284
2 2281 2282
2 2280 2281
1 2278 2278
2 2273 2275
2 2272 2274
2 2270 2273
3 2269 2270
1 2267 2267
2 2263 2264
2 2262 2265
2 2261 2263
1 2259 2259
2 1982 2256
2 2008 2254
2 2253 2255
2 2252 2253
2 2251 2257
3 2249 2249
1 2096 2096
2 2089 2092
2 2088 2091
2 2087 2094
2 2086 2093
2 2084 2090
2 2083 2089
2 2082 2307
2 2081 2276
3 2078 2084
3 2077 2079
3 2076 2078
1 2074 2074
2 1996 2072
2 1005 2071
1 2070 2070
2 2009 2068
2 1035 2067
1 2066 2066
2 2064 2064
1 2062 2062
2 2058 2058
2 2057 2060
2 2056 2059
1 2054 2054
2 991 2052
2 2047 2051
2 2046 2050
2 2045 2049
2 2042 2048
2 2041 2047
3 2040 2043
3 2039 2042
1 2037 2037
2 1992 2035
1 2034 2034
2 2028 2030
2 2027 2031
2 2026 2029
2 2025 2028
2 2024 2032
1 2022 2022
2 1033 2020
2 2017 2019
2 2016 2018
2 2015 2017
1 2013 2013
2 2010 2011
1 1967 1967
2 1204 1965
2 985 1963
2 1962 1962
2 1961 1964
1 1959 1959
2 1954 1956
2 1953 1955
1 1951 1951
1 1949 1949
2 1941 1946
2 1940 1945
2 1939 1947
2 1938 1944
2 1936 1943
2 1932 1942
2 1930 1941
2 1929 2010
3 1928 1934
3 1927 1933
3 1926 1932
3 1925 1936
3 1924 1930
1 1922 1922
2 1914 1920
2 1913 1918
2 1911 1917
2 1910 1919
2 1908 1916
2 1906 1915
2 1905 1954
2 1904 1914
2 1903 1957
2 1902 2315
3 1901 1911
3 1900 1908
3 1899 1906
1 1897 1897
2 819 1895
2 818 1894
1 1893 1893
1 1890 2766
2 1889 1891
2 1888 1890
1 1886 1886
2 1582 1884
2 1883 1883
1 1881 1881
2 1878 1879
2 1877 1878
1 1875 1875
2 1052 1873
2 1872 1872
1 1870 1870
2 1864 1867
2 1863 1866
2 1862 1865
2 1861 1868
2 1859 1864
3 1858 1859
1 1856 1856
1 1854 1854
2 1847 1850
2 1846 1848
2 1845 1849
2 1844 1847
2 1843 1851
1 1841 1841
2 1080 1838
2 1837 1839
1 1835 1835
2 1829 1832
2 1828 1831
2 1827 1833
2 1826 1830
2 1823 1829
3 1822 1823
3 1821 1824
1 1819 1819
2 1816 1816
1 1814 1814
1 1812 1812
2 981 1809
2 1807 1808
2 1806 1807
2 1805 1810
3 1803 1803
1 1801 1801
2 1797 1798
2 1796 1799
2 1795 1797
3 1792 1792
3 1791 1793
1 1789 1789
2 1783 1785
2 1782 1784
2 1781 1786
2 1780 1783
2 1779 1852
3 1777 1777
1 1775 1775
2 1769 1773
2 1768 1772
2 1767 1771
2 1764 1770
2 1761 1769
3 1758 1765
3 1757 1764
3 1756 1762
3 1755 1761
3 1754 1759
3 1753 1758
1 1751 1751
2 800 1749
2 1663 1747
2 1745 1745
2 1744 1748
2 1743 1746
1 1741 1741
2 1738 1739
2 1737 1738
1 1735 1735
2 1732 1732
2 1731 1733
1 1729 1729
2 882 1722
2 1721 1726
2 1720 1724
2 1719 1727
2 1718 1725
2 1717 1723
3 1383 1715
2 1714 1721
2 1712 2459
3 1710 1714
3 1709 1710
3 1708 1712
1 1706 1706
2 1701 1703
2 1700 1702
2 1699 1701
3 1697 1697
1 1695 1695
2 1581 1693
2 1457 1691
2 1691 1692
1 1689 1689
2 1685 1686
2 1684 1685
2 1683 1687
1 1681 1681
2 1677 1679
2 1676 1678
2 1675 1677
3 1673 1673
1 1577 1577
2 1571 1574
2 1570 1575
2 1569 1573
2 1567 1571
3 1566 1567
1 1564 1564
2 1557 1559
2 1556 1562
2 1555 1561
2 1554 1560
2 1553 1558
2 1549 1557
2 1548 1787
2 1547 1572
2 1546 1817
3 1545 1549
3 1544 1551
3 1543 1550
1 1541 1541
2 1537 1539
2 1536 1538
2 1535 1537
1 1533 1533
2 1528 1529
2 1527 1531
2 1526 1530
2 1525 1528
1 1523 1523
2 1519 1519
2 1518 1520
1 1516 1516
2 984 1514
1 1513 1513
2 1464 1506
2 1506 1510
2 1505 1509
2 1504 1508
2 1503 1704
2 1502 1507
1 1500 1500
2 1495 1497
2 1494 1496
2 1493 1495
2 1492 1498
1 1490 1490
2 1486 1487
2 1485 1488
2 1484 1486
3 1482 1482
1 1303 1303
1 1301 1301
2 1297 1298
2 1296 1299
2 1295 1297
1 1293 1293
2 758 1288
2 1287 1291
2 1286 1290
2 1285 1289
2 1284 1287
2 1283 1521
1 1281 1281
1 1280 1466
2 1277 1277
2 1276 1278
1 1274 1274
2 1272 1272
1 1270 1270
2 1202 1268
2 1053 1267
2 1264 1266
2 1263 1265
1 1261 1261
1 1259 1671
2 1257 1257
2 1256 1259
1 1254 1254
2 1250 1250
2 1249 1252
2 1248 1251
1 1246 1246
2 1239 1243
2 1238 1244
2 1237 1242
2 1236 1241
2 1235 1321
2 1234 1239
2 1233 2239
2 1232 1240
1 1230 1230
2 1223 1227
2 1222 1226
2 1221 1225
2 1220 1228
2 1218 1224
2 1217 1223
2 1216 1837
2 1215 1378
3 1214 1218
1 912 912
1 910 910
2 904 908
2 903 907
2 902 906
2 901 905
2 900 1511
2 899 904
2 898 1264
1 896 896
1 893 893
1 892 1180
1 891 925
2 889 889
1 738 738
1 736 771
2 735 736
1 733 733
1 732 809
1 731 760
1 729 729
2 726 727
2 725 726
1 723 723
2 700 721
2 720 720
1 718 718
1 717 894
2 715 715
1 631 631
1 630 779
2 628 628
1 626 626
1 623 812
2 622 624
2 621 623
1 619 619
1 618 943
1 616 616
2 614 614
1 611 611
1 610 987
1 608 608
1 607 684
1 606 784
1 604 604
1 603 867
1 601 601
2 599 599
1 597 597
2 595 595
1 593 593
2 537 591
1 590 698
2 589 590
1 587 587
1 585 585
1 584 711
2 582 582
1 580 580
2 577 577
2 576 578
1 574 574
2 572 572
1 570 570
2 567 568
2 566 567
1 564 564
1 563 674
2 559 561
2 558 560
2 557 559
1 555 555
2 553 553
1 551 551
2 531 549
2 548 548
1 546 546
2 544 544
1 542 542
1 417 417
1 416 418
2 413 414
2 412 413
1 135 410
1 408 408
1 406 406
1 405 612
1 403 403
1 401 401
2 398 399
2 397 398
1 395 395
1 393 393
1 392 687
1 390 390
1 388 388
1 387 409
1 385 385
1 383 383
1 382 787
1 377 377
2 375 375
1 373 373
1 371 371
1 369 369
1 368 378
1 366 366
1 349 349
1 348 798
2 346 346
1 344 344
1 343 869
1 341 341
2 339 339
1 115 337
1 336 336
2 332 334
2 331 333
2 330 332
2 329 364
1 327 327
1 326 441
2 323 324
2 322 323
1 75 320
1 319 319
1 318 790
1 316 524
2 315 316
1 313 313
1 311 311
1 310 659
2 308 308
1 306 306
1 304 304
1 303 499
1 301 301
1 300 707
2 296 297
2 295 298
2 294 296
3 292 292
1 290 290
1 289 741
